liste des coordonnées des obstacles :


[


[[-82.30099999999999, -82.30099999999999, -2],[-82.30099999999999, -82.30099999999999, 0],[-82.30099999999999, 182.301, -2],[-82.30099999999999, 182.301, 0],[182.301, -82.30099999999999, -2],[182.301, -82.30099999999999, 0],[182.301, 182.301, -2],[182.301, 182.301, 0]]


[[30, 30, 0],[30, 30, 20],[30, 70, 0],[30, 70, 20],[70, 30, 0],[70, 30, 20],[70, 70, 0],[70, 70, 20]]


[[19.4345, 40.1771, 0],[19.4345, 40.1771, 6],[19.4345, 60.1771, 0],[19.4345, 60.1771, 6],[39.4345, 40.1771, 0],[39.4345, 40.1771, 6],[39.4345, 60.1771, 0],[39.4345, 60.1771, 6]]


[[35, 0, 0],[35, 0, 6],[35, 20, 0],[35, 20, 6],[55, 0, 0],[55, 0, 6],[55, 20, 0],[55, 20, 6]]


[[11, 75, -10.9663],[11, 75, 30.9663],[11, 95, -10.9663],[11, 95, 30.9663],[31, 75, -10.9663],[31, 75, 30.9663],[31, 95, -10.9663],[31, 95, 30.9663]]


[[79.39979000000001, 32.88469, -6.845500000000001],[79.39979000000001, 32.88469, 26.8455],[79.39979000000001, 46.361110000000004, -6.845500000000001],[79.39979000000001, 46.361110000000004, 26.8455],[92.87621, 32.88469, -6.845500000000001],[92.87621, 32.88469, 26.8455],[92.87621, 46.361110000000004, -6.845500000000001],[92.87621, 46.361110000000004, 26.8455]]


[[81.243, 5.086660000000001, -1.0779999999999994],[81.243, 5.086660000000001, 21.078],[81.243, 13.94906, -1.0779999999999994],[81.243, 13.94906, 21.078],[90.1054, 5.086660000000001, -1.0779999999999994],[90.1054, 5.086660000000001, 21.078],[90.1054, 13.94906, -1.0779999999999994],[90.1054, 13.94906, 21.078]]


[[66, 11, 0],[66, 11, 68],[66, 19, 0],[66, 19, 68],[74, 11, 0],[74, 11, 68],[74, 19, 0],[74, 19, 68]]


[[76, 71, 0],[76, 71, 20],[76, 79, 0],[76, 79, 20],[84, 71, 0],[84, 71, 20],[84, 79, 0],[84, 79, 20]]


[[37.47473, 41.47473, 19.04671],[37.47473, 41.47473, 30.95329], [37.47473, 60.52527, 19.04671], [37.47473, 60.52527, 30.95329], [56.52527, 41.47473, 19.04671], [56.52527, 41.47473, 30.95329], [56.52527, 60.52527, 19.04671], [56.52527, 60.52527, 30.95329]]


[[80.43717000000001, 88.73237, 0.0], [80.43717000000001, 88.73237, 22.0], [80.43717000000001, 97.98742999999999, 0.0], [80.43717000000001, 97.98742999999999, 22.0], [89.69223, 88.73237, 0.0], [89.69223, 88.73237, 22.0], [89.69223, 97.98742999999999, 0.0], [89.69223, 97.98742999999999, 22.0]]


[[92.26987, 66.97627, 2.4161], [92.26987, 66.97627, 24.4161], [92.26987, 76.23133000000001, 2.4161], [92.26987, 76.23133000000001, 24.4161], [101.52493000000001, 66.97627, 2.4161], [101.52493000000001, 66.97627, 24.4161], [101.52493000000001, 76.23133000000001, 2.4161], [101.52493000000001, 76.23133000000001, 24.4161]]


[[85.36597, 59.570069999999994, 2.4161], [85.36597, 59.570069999999994, 24.4161], [85.36597, 68.82513, 2.4161], [85.36597, 68.82513, 24.4161], [94.62102999999999, 59.570069999999994, 2.4161], [94.62102999999999, 59.570069999999994, 24.4161], [94.62102999999999, 68.82513, 2.4161], [94.62102999999999, 68.82513, 24.4161]]


[[100.12717, 30.48887, -8.974590000000001], [100.12717, 30.48887, 15.06161], [100.12717, 40.60053, -8.974590000000001], [100.12717, 40.60053, 15.06161], [110.23883000000001, 30.48887, -8.974590000000001], [110.23883000000001, 30.48887, 15.06161], [110.23883000000001, 40.60053, -8.974590000000001], [110.23883000000001, 40.60053, 15.06161]]


[[89.5688, -4.4312, -1], [89.5688, -4.4312, 21], [89.5688, 4.4312, -1], [89.5688, 4.4312, 21], [98.4312, -4.4312, -1],[98.4312, -4.4312, 21], [98.4312, 4.4312, -1], [98.4312, 4.4312, 21]]


[[3.50709, 2.2461900000000004, -4.326309999999999], [3.50709, 2.2461900000000004, 14.32631],[3.50709, 20.898809999999997, -4.326309999999999],[3.50709, 20.898809999999997, 14.32631],[22.159709999999997, 2.2461900000000004, -4.326309999999999],[22.159709999999997, 2.2461900000000004, 14.32631],[22.159709999999997, 20.898809999999997, -4.326309999999999], [22.159709999999997, 20.898809999999997, 14.32631]]


[[9.005019999999998, 10.62042, 4.28442], [9.005019999999998, 10.62042, 15.71558], [9.005019999999998, 22.051579999999998, 4.28442], [9.005019999999998, 22.051579999999998, 15.71558], [20.43618, 10.62042, 4.28442], [20.43618, 10.62042, 15.71558], [20.43618, 22.051579999999998, 4.28442], [20.43618, 22.051579999999998, 15.71558]]


[[13.57824, 15.936739999999999, 10.35744], [13.57824, 15.936739999999999, 21.16536], [13.57824, 26.744659999999996, 10.35744], [13.57824, 26.744659999999996, 21.16536], [24.386159999999997, 15.936739999999999, 10.35744], [24.386159999999997, 15.936739999999999, 21.16536],[24.386159999999997, 26.744659999999996, 10.35744],[24.386159999999997, 26.744659999999996, 21.16536]]


[[19.34732, 21.820619999999998, 12.71772], [19.34732, 21.820619999999998, 23.467480000000002], [19.34732, 32.57038, 12.71772],[19.34732, 32.57038, 23.467480000000002],[30.097080000000002, 21.820619999999998, 12.71772],[30.097080000000002, 21.820619999999998, 23.467480000000002],[30.097080000000002, 32.57038, 12.71772],[30.097080000000002, 32.57038, 23.467480000000002]]


[[90.60776999999999, 24.49957, 2.4161], [90.60776999999999, 24.49957, 24.4161], [90.60776999999999, 33.75463, 2.4161], [90.60776999999999, 33.75463, 24.4161], [99.86283, 24.49957, 2.4161], [99.86283, 24.49957, 24.4161], [99.86283, 33.75463, 2.4161], [99.86283, 33.75463, 24.4161]]


[[94.69601, -0.2398100000000003, -6.1675], [94.69601, -0.2398100000000003, 26.1675],[94.69601, 12.69417, -6.1675], [94.69601, 12.69417, 26.1675],[107.62998999999999, -0.2398100000000003, -6.1675],[107.62998999999999, -0.2398100000000003, 26.1675], [107.62998999999999, 12.69417, -6.1675], [107.62998999999999, 12.69417, 26.1675]]


[[106.77879999999999, -9.55101, -0.6287099999999999], [106.77879999999999, -9.55101, 12.67663], [106.77879999999999, -0.6886100000000006, -0.6287099999999999], [106.77879999999999, -0.6886100000000006, 12.67663], [115.6412, -9.55101, -0.6287099999999999], [115.6412, -9.55101, 12.67663], [115.6412, -0.6886100000000006, -0.6287099999999999], [115.6412, -0.6886100000000006, 12.67663]]


[[106.54547, 20.58527, 2.4161], [106.54547, 20.58527, 24.4161], [106.54547, 29.84033, 2.4161], [106.54547, 29.84033, 24.4161], [115.80053000000001, 20.58527, 2.4161], [115.80053000000001, 20.58527, 24.4161], [115.80053000000001, 29.84033, 2.4161], [115.80053000000001, 29.84033, 24.4161]]


[[94.41179000000001, 81.46669, -11.887799999999999], [94.41179000000001, 81.46669, 31.8878], [94.41179000000001, 94.94310999999999, -11.887799999999999], [94.41179000000001, 94.94310999999999, 31.8878], [107.88821, 81.46669, -11.887799999999999], [107.88821, 81.46669, 31.8878], [107.88821, 94.94310999999999, -11.887799999999999], [107.88821, 94.94310999999999, 31.8878]]


[[99.2417, 54.597, -1.4864999999999995], [99.2417, 54.597, 28.3187], [99.2417, 67.1356, -1.4864999999999995], [99.2417, 67.1356, 28.3187], [111.7803, 54.597, -1.4864999999999995], [111.7803, 54.597, 28.3187], [111.7803, 67.1356, -1.4864999999999995], [111.7803, 67.1356, 28.3187]]


[[89.5948, 76.702, 0.20725000000000016], [89.5948, 76.702, 11.55903], [89.5948, 84.702, 0.20725000000000016], [89.5948, 84.702, 11.55903], [97.5948, 76.702, 0.20725000000000016], [97.5948, 76.702, 11.55903], [97.5948, 84.702, 0.20725000000000016], [97.5948, 84.702, 11.55903]]


[[105.28052, 73.17332, -1.6486], [105.28052, 73.17332, 28.480800000000002], [105.28052, 85.84828, -1.6486], [105.28052, 85.84828, 28.480800000000002],[117.95548, 73.17332, -1.6486], [117.95548, 73.17332, 28.480800000000002], [117.95548, 85.84828, -1.6486], [117.95548, 85.84828, 28.480800000000002]]


[[18.67845, 33.73165, 15.958649999999999], [18.67845, 33.73165, 27.567149999999998], [18.67845, 45.340149999999994, 15.958649999999999], [18.67845, 45.340149999999994, 27.567149999999998],[30.28695, 33.73165, 15.958649999999999],[30.28695, 33.73165, 27.567149999999998], [30.28695, 45.340149999999994, 15.958649999999999], [30.28695, 45.340149999999994, 27.567149999999998]]


[[29.00655, 20.62745, 17.77095], [29.00655, 20.62745, 29.37945], [29.00655, 32.23595, 17.77095], [29.00655, 32.23595, 29.37945], [40.61505, 20.62745, 17.77095], [40.61505, 20.62745, 29.37945], [40.61505, 32.23595, 17.77095], [40.61505, 32.23595, 29.37945]]


[[27.180650000000004, 25.44075, 17.77095], [27.180650000000004, 25.44075, 29.37945], [27.180650000000004, 37.04925, 17.77095], [27.180650000000004, 37.04925, 29.37945], [38.78915000000001, 25.44075, 17.77095], [38.78915000000001, 25.44075, 29.37945], [38.78915000000001, 37.04925, 17.77095], [38.78915000000001, 37.04925, 29.37945]]


[[22.09675, 28.91785, 17.213949999999997], [22.09675, 28.91785, 29.93645], [22.09675, 41.64035, 17.213949999999997], [22.09675, 41.64035, 29.93645], [34.81925, 28.91785, 17.213949999999997], [34.81925, 28.91785, 29.93645], [34.81925, 41.64035, 17.213949999999997], [34.81925, 41.64035, 29.93645]]


[[105.48559999999999, -77.70870000000002, -0.3805000000000014], [105.48559999999999, -77.70870000000002, 63.0603],[105.48559999999999, 192.4273, -0.3805000000000014],[105.48559999999999, 192.4273, 63.0603],[168.9264, -77.70870000000002, -0.3805000000000014],[168.9264, -77.70870000000002, 63.0603],[168.9264, 192.4273, -0.3805000000000014],[168.9264, 192.4273, 63.0603]]


[[139.83100000000002, 96.328, 59.76140000000001], [139.83100000000002, 96.328, 94.0214], [139.83100000000002, 130.588, 59.76140000000001], [139.83100000000002, 130.588, 94.0214], [174.091, 96.328, 59.76140000000001], [174.091, 96.328, 94.0214],[174.091, 130.588, 59.76140000000001], [174.091, 130.588, 94.0214]]


[[121.8929, 19.328599999999998, 55.798199999999994], [121.8929, 19.328599999999998, 114.0004], [121.8929, 77.5308, 55.798199999999994], [121.8929, 77.5308, 114.0004], [180.0951, 19.328599999999998, 55.798199999999994], [180.0951, 19.328599999999998, 114.0004], [180.0951, 77.5308, 55.798199999999994],[180.0951, 77.5308, 114.0004]]


[[139.10437, -5.82924, 57.75127], [139.10437, -5.82924, 76.95853], [139.10437, 13.378020000000001, 57.75127],[139.10437, 13.378020000000001, 76.95853],[158.31163, -5.82924, 57.75127],[158.31163, -5.82924, 76.95853],[158.31163, 13.378020000000001, 57.75127],[158.31163, 13.378020000000001, 76.95853]]


[[120.9589, -63.078500000000005, 34.88719999999999], [120.9589, -63.078500000000005, 144.2486], [120.9589, -13.926300000000001, 34.88719999999999], [120.9589, -13.926300000000001, 144.2486], [170.1111, -63.078500000000005, 34.88719999999999], [170.1111, -63.078500000000005, 144.2486],[170.1111, -13.926300000000001, 34.88719999999999], [170.1111, -13.926300000000001, 144.2486]]


[[-61.7563, -77.70870000000002, -0.3805000000000014], [-61.7563, -77.70870000000002, 63.0603], [-61.7563, 192.4273, -0.3805000000000014], [-61.7563, 192.4273, 63.0603], [1.6844999999999999, -77.70870000000002, -0.3805000000000014], [1.6844999999999999, -77.70870000000002, 63.0603], [1.6844999999999999, 192.4273, -0.3805000000000014], [1.6844999999999999, 192.4273, 63.0603]]


[[-78.5081, -27.897000000000006, 41.9323], [-78.5081, -27.897000000000006, 105.3731], [-78.5081, 242.23900000000003, 41.9323], [-78.5081, 242.23900000000003, 105.3731],[-15.0673, -27.897000000000006, 41.9323],[-15.0673, -27.897000000000006, 105.3731], [-15.0673, 242.23900000000003, 41.9323], [-15.0673, 242.23900000000003, 105.3731]]


[[-58.6092, 4.935200000000002, 59.1127], [-58.6092, 4.935200000000002, 91.7595], [-58.6092, 37.582, 59.1127], [-58.6092, 37.582, 91.7595], [-25.962400000000002, 4.935200000000002, 59.1127], [-25.962400000000002, 4.935200000000002, 91.7595], [-25.962400000000002, 37.582, 59.1127], [-25.962400000000002, 37.582, 91.7595]]


[[-65.31450000000001, 24.018499999999996, 55.256], [-65.31450000000001, 24.018499999999996, 90.8682], [-65.31450000000001, 59.6307, 55.256], [-65.31450000000001, 59.6307, 90.8682],[-29.7023, 24.018499999999996, 55.256], [-29.7023, 24.018499999999996, 90.8682], [-29.7023, 59.6307, 55.256], [-29.7023, 59.6307, 90.8682]]


[[-39.7542, -72.018, 44.80010000000001], [-39.7542, -72.018, 97.7979], [-39.7542, -36.5446, 44.80010000000001], [-39.7542, -36.5446, 97.7979], [-4.280799999999999, -72.018, 44.80010000000001], [-4.280799999999999, -72.018, 97.7979], [-4.280799999999999, -36.5446, 44.80010000000001], [-4.280799999999999, -36.5446, 97.7979]]


[[-61.4921, -36.7905, 53.246500000000005], [-61.4921, -36.7905, 129.6389], [-61.4921, 11.387099999999998, 53.246500000000005], [-61.4921, 11.387099999999998, 129.6389], [-17.6719, -36.7905, 53.246500000000005], [-17.6719, -36.7905, 129.6389], [-17.6719, 11.387099999999998, 53.246500000000005], [-17.6719, 11.387099999999998, 129.6389]]


[[-85.63500000000002, 110.631, -0.7204000000000015], [-85.63500000000002, 110.631, 62.7204], [-85.63500000000002, 174.071, -0.7204000000000015], [-85.63500000000002, 174.071, 62.7204], [184.501, 110.631, -0.7204000000000015], [184.501, 110.631, 62.7204], [184.501, 174.071, -0.7204000000000015], [184.501, 174.071, 62.7204]]


[[-22.15327, 135.9086, 55.747699999999995], [-22.15327, 135.9086, 90.2325], [-22.15327, 170.3934, 55.747699999999995], [-22.15327, 170.3934, 90.2325], [12.33153, 135.9086, 55.747699999999995], [12.33153, 135.9086, 90.2325], [12.33153, 170.3934, 55.747699999999995], [12.33153, 170.3934, 90.2325]]


[[15.227799999999998, 136.6198, 55.41499999999999], [15.227799999999998, 136.6198, 90.0634], [15.227799999999998, 171.26819999999998, 55.41499999999999], [15.227799999999998, 171.26819999999998, 90.0634], [49.8762, 136.6198, 55.41499999999999], [49.8762, 136.6198, 90.0634], [49.8762, 171.26819999999998, 55.41499999999999], [49.8762, 171.26819999999998, 90.0634]]


[[98.78290000000001, 132.5219, 47.156], [98.78290000000001, 132.5219, 93.34819999999999], [98.78290000000001, 178.7141, 47.156], [98.78290000000001, 178.7141, 93.34819999999999], [144.9751, 132.5219, 47.156],[144.9751, 132.5219, 93.34819999999999],[144.9751, 178.7141, 47.156],[144.9751, 178.7141, 93.34819999999999]]


[[-85.63500000000002, -76.6203, -0.7199999999999989], [-85.63500000000002, -76.6203, 62.72], [-85.63500000000002, -13.180300000000003, -0.7199999999999989], [-85.63500000000002, -13.180300000000003, 62.72], [184.501, -76.6203, -0.7199999999999989], [184.501, -76.6203, 62.72], [184.501, -13.180300000000003, -0.7199999999999989], [184.501, -13.180300000000003, 62.72]]


[[3.7211999999999996, -70.2946, 52.628], [3.7211999999999996, -70.2946, 76.07260000000001], [3.7211999999999996, -46.849999999999994, 52.628], [3.7211999999999996, -46.849999999999994, 76.07260000000001],[27.1658, -70.2946, 52.628],[27.1658, -70.2946, 76.07260000000001], [27.1658, -46.849999999999994, 52.628], [27.1658, -46.849999999999994, 76.07260000000001]]


[[74.50829999999999, -69.8939, 60.821000000000005], [74.50829999999999, -69.8939, 91.43020000000001], [74.50829999999999, -39.2847, 60.821000000000005],[74.50829999999999, -39.2847, 91.43020000000001], [105.1175, -69.8939, 60.821000000000005], [105.1175, -69.8939, 91.43020000000001], [105.1175, -39.2847, 60.821000000000005], [105.1175, -39.2847, 91.43020000000001]]




]